% Problem 4
A = [1 0 0 -1 -2 -3 -4 0;
0 1 0 -1 2 2 2 -3;
0 0 1 2 -1 2 2 -4]

A =

     1     0     0    -1    -2    -3    -4     0
     0     1     0    -1     2     2     2    -3
     0     0     1     2    -1     2     2    -4

% pick row 3, column 5
A(:, [3, 5]) = A(:, [5, 3]);
A=rref(A);
A(:, [3, 5]) = A(:, [5, 3])

A =

     1     0    -2    -5     0    -7    -8     8
     0     1     2     3     0     6     6   -11
     0     0    -1    -2     1    -2    -2     4

% row 2 is all positive, (LP) is infeasible
diary off
